0.64283115	0.4867719145	0.46624502575	0.9858364445000001	0.13206655575	0.77468841825	0.4561575995	0.507566875	0.43840475325	0.5026066	0.12285339049999999	0.40756720274999997	0.91474895425	0.9822286265	0.01382733975	0	0.132111493	0.85621029	0.86801861275	0.8037771309999999	0.1827637365	0.713125216	0.1277976735	0.1946111515	0.9602518295	0.79133577	0.342127749	0.1532024145	0.8035501254999999	0.79176666275	0.5088205297499999
0.6481077150000001	0.58873990775	0.59366117125	0.984545755	0.7803639955	0.83459823725	0.41866943400000006	0.5121281950000001	0.510460929	0.46442974475	0.12642500974999998	0.406477377	0.9605125525	0.976705091	0.03354927125	0.01205632075	0.780331233	0.044104242749999994	0.01910276	0.0400569985	0.2382121925	0	0.99742710625	0.9960938472499999	0.6753064099999999	0.60655554375	0.3618876985	0.338302194	0.60804212875	0.6265610909999999	0.6139510832499999
0.52474526925	0.376441753	0.37691870375000003	0.9818695795	0.6481566335	0.7608572295	0.395182434	0.502546718	0.4758012245	0.35436236649999997	0.12427770924999999	0.405185934	0.89696652725	0.9452449567500001	0.06902675825	0.010108594	0.6481720120000001	0.05020020375	0.01263312775	0.002416301	0.3740553375	0.02995586025	0.992840267	0.9807696452500001	0.5840031302500001	0.44986530150000004	0.41471667624999997	0.31555789624999997	0.4117385525	0.4407460875	0.4824271105
0.51164483225	0.35348183375000003	0.36217310975000006	0.9813853885	0.73101027175	0.736959165	0.312440827	0.5043087900000001	0.8932301042499999	0.39518270775	0.12409305	0.407741327	0.7737970712500001	0.6962055715	0.0034758632500000003	0.8355639702500001	0.74513172975	0.024093721	0.01187820025	0.021375978	0.12670657425	0.0023917657499999997	0.9917059347500001	0.99456974325	0.340211977	0.278977563	0.0208165905	0.094680126	0.2978440915	0.3072817025	0.35629634849999997
0.6664847159999999	0.33841551324999997	0.347960489	0.9908407229999999	0.7694121465	0.73026649075	0.31793933425	0.50785097125	0.50414115925	0.35816160925	0.12398114925	0.408083879	0.9471757322500001	0.9036983670000001	0.8654561755000001	0.0151683315	0.7694253529999999	0.04016117375	0.03182999525	0.00869979425	0.1555136535	0	0.99575197725	0.9954431805	0.57090629025	0.403033045	0.41709978600000003	0.34387799475	0.5928238807499999	0.64141817175	0.41933931249999995
0.7643740905	0.42881343725	0.4182418985	0.99243937925	0.6726879164999999	0.7958557100000001	0.407026072	0.5263679450000001	0.5476053297500001	0.47598731125000004	0.1249873365	0.41094145075	0.9432531379999999	0.9848703169999999	0.12206961875	0.014983351999999998	0.7060423825	0.025143495499999998	0.01685490875	0.004164413	0.11354288174999999	0.0738719925	0.9971902134999999	0.99063256825	0.341157759	0.26538017	0.24262348674999998	0.28387070775	0.444604788	0.48576440475	0.46040978425
0.537117904	0.391219723	0.38366969875	0.98239703675	0.6189119272500001	0.7744351	0.35678392000000003	0.5130605257499999	0.73746849125	0.39628928350000003	0.12406726224999999	0.4076702405	0.9262552305	0.974063401	0.0437738915	0.030597811000000003	0.61891466225	0.020832351750000002	0.00336953475	0.004632171	0.16736294775	0.036993955249999995	0.99116054675	0.9883817054999999	0.24948055525	0.18719722575	0.032194616749999995	0.09628138624999999	0.2908625715	0.29315962300000004	0.39655610025
0.71688500725	0.53261966575	0.53876492325	0.9878434549999999	0.81882314775	0.72084811025	0.40526909925	0.508940006	0.829204177	0.41101903274999996	0.123748137	0.40826221425000003	0.9424686192499999	0.8520653214999999	0.061356178750000004	0.01773628425	0.8187762505	0.028582300499999998	0.019307201	0.030951466500000004	0.101285956	0.04856860375	0.9938148302500001	0.99572229425	0.4796637355	0.54581226175	0.01095474825	0.046761379750000005	0.40009477424999995	0.471762827	0.35089825474999997
0.63009461425	0.491565744	0.49822342249999996	0.9852501650000001	0.71735208175	0.870498531	0.433098463	0.5061385035	0.8368923297499999	0.615686323	0.126346725	0.40661781625	0.68802301275	0.7360710855	0.01830114	0.01589736925	0.717353952	0.036197983	0.01412255825	0.02015137625	0.20622063824999998	0.11909517700000001	0.991488149	0.991475797	0.52504452725	0.32632810925	0.0519161485	0.20473699275	0.5060373835	0.549359619	0.71183816625
0.8407933045	0.4746972315	0.4809906195	0.99427089375	0.66847566675	0.83436518375	0.41499162500000003	0.51530511	0.7118473169999999	0.59067771625	0.12984927	0.4070708365	0.8933054395000001	0.94068203625	0.06577077875000001	0.0036887117500000004	0.727567774	0.014477831250000002	0.0061161975	0.03326523125	0.060677593749999995	0.02981667175	0.99567547925	0.989977707	0.20071814325	0.12015750875	0.10154194775	0.26075962175	0.37125242175	0.40467628425	0.43672675275
0.602802038	0.29465830425	0.30322626475000003	0.9884956052499999	0.7021975292500001	0.77858445675	0.3661149955	0.5153062374999999	0.5664386025	0.46439285874999997	0.12717884425	0.40688977725	0.9743723849999999	0.96397694525	0.0057931055	0.00690953425	0.72224608625	0.006841142	0.00583328825	0.0138247655	0.018425285	0.01310280275	0.9922670527499999	0.9901845075	0.108404373	0.04721280075	0.0537829465	0.08147058900000001	0.25915906875	0.29310465924999995	0.35824951800000004
0.44032023325	0.3446510955	0.3487777145	0.97733515175	0.43836273575	0.7224136185	0.38202789325000003	0.541701239	0.49596687075	0.42566271600000005	0.123182646	0.39722451200000003	0.910041841	0.99519692575	0.00324752225	0.00455920425	0.43838297075	0.010587896	0.0093257065	0.0026561964999999997	0.043799645500000005	0.21314673350000002	0.9980178685000001	0.99307120575	0.0970694335	0.076582524	0.044740344	0.0423900245	0.17115382425	0.19179497624999997	0.3201034505
0.6055312955000001	0.52753748575	0.45757532675	0.98367557275	0.6893984955	0.776481913	0.69180139825	0.5491238114999999	0.9623514582499999	0.66704372175	0.1327881655	0.40992023450000004	0.9265167365	0.8753602305	0.006063732750000001	0.0011534025	0.7029161895	0.00529519825	0.0052978365	0.00896822225	0.007545778499999999	0.05739182425	0.990578511	0.9910947125	0.091553949	0.08435455700000001	0.012342364000000002	0.06367221125	0.21165183875	0.23338465349999998	0.34735869325
0.6504730715	0.50482987325	0.50447697525	0.9858405765	0.836416748	0.81665822275	0.51248998625	0.5217288370000001	0.5645840835	0.55573452025	0.1313205595	0.40757760575	0.9097803345	0.8832853022499999	0.015315788	0.005990076	0.83719931275	0.00367316325	0.0036784237499999997	0.0069234095	0.011461065	0.01650759475	0.9893049205	0.989859088	0.08537667175	0.06712185999999999	0.027433194	0.042847882250000004	0.21102349324999997	0.23586873875000003	0.35642373175
0.51291848625	0.37964965425	0.38580159199999997	0.9812035742499999	0.65952851425	0.74934643825	0.25613575125	0.502694403	0.511289161	0.38947769625	0.12403088300000001	0.40697795374999995	0.97672594125	0.9313160422500001	0.003754947	0.0037104742500000004	0.68652157275	0.0034393015000000002	0.0045596765	0.004268264	0.008003452	0.00650048675	0.990289896	0.99053994025	0.062228159500000005	0.048637593	0.02733154825	0.02921091225	0.18964042650000001	0.21092361999999998	0.323293725
0.6373726347500001	0.642445213	0.64766913	0.98363279275	0.8070598735	0.7625645962500001	0.389392615	0.5121845629999999	0.5598127475	0.43574484850000006	0.12392727049999999	0.40914026649999996	0.8355125525	0.85710854925	0.0084570885	0.00225239925	0.807058992	0.0027480777500000003	0.0038904777500000003	0.002416301	0.0091221305	0.000320408	0.98903376025	0.9905666727500001	0.06588300124999999	0.06982425625000001	0.014640472499999998	0.025708905250000004	0.19219217425000001	0.21697618100000002	0.3226500685
0.5225618635	0.40347462525	0.40356736775	0.9814855325	0.46934484625	0.71428209575	0.483322409	0.51913251525	0.45253871074999996	0.45913047775	0.12318909349999999	0.40841627575	0.94508368225	0.993275696	0.0414059065	0.0067463165	0.51789805275	0.009791616749999999	0.011334571	0.006699054999999999	0.01707939675	0.01541321225	0.9970085397499999	0.9902502257500001	0.10030388725	0.0799966985	0.16662825675	0.0772775265	0.20286066474999997	0.22035131375	0.31324042425000004
0.5376637552500001	0.33127883525	0.27576037524999997	0.9840012834999999	0.40448574775	0.7518897555	0.45397276225000005	0.5299225274999999	0.45875045025	0.63583829275	0.1264273125	0.4062455415	0.9228556485	0.9824687799999999	0.009311254750000001	0.0064960502500000005	0.433490836	0.01139847825	0.01207141275	0.014669324	0.014047965249999999	0.0395694845	0.9968788525000001	0.99214679275	0.09954057250000001	0.0498529735	0.10298422974999999	0.05196706425	0.22144463025	0.2432495235	0.35075371850000003
0.576419214	0.606401384	0.6121375785000001	0.9819424999999999	0.64039082075	0.85306008725	0.3817365815	0.530992397	0.5936262157500001	0.4706265675	0.1284834345	0.40778987375	0.9806485355000001	0.92387127775	0.0023510707500000003	0.004450393	0.64036846125	0.004825442	0.00514367375	0.0026826359999999995	0.01933234225	0	0.9913821972499999	0.9910589277499999	0.07565913225	0.06535337875	0.0174452725	0.0317490155	0.2010390255	0.220514347	0.3500333685
0.523107715	0.355320069	0.3452956225	0.9820300040000001	0.7556728145	0.76489512625	0.43047665850000005	0.5170863475	0.6854699314999999	0.48229479175	0.12393509925	0.40493948475	0.9422071129999999	0.85518732	0.005150367	0.031098343499999997	0.7623377245	0.004094511	0.0027114415	0.006556961749999999	0.021460220250000002	0.020102049	0.9889061415	0.9913342057500001	0.087709884	0.051989773	0.01714021725	0.0498737345	0.21438041200000002	0.2296893855	0.33962876775
0.53620815125	0.44405997700000005	0.448194997	0.98174075375	0.7274423890000001	0.75370351625	0.39949748725	0.5172565794999999	0.6418617209999999	0.4459007525	0.125269161	0.40797613475	0.98483263625	0.9846301632500001	0.0324413925	0.0017953905	0.7448453607500001	0.00123736775	0.00159188125	0.0031802065	0.0096307875	0.0007687545	0.9887806862499999	0.9899803014999999	0.04222104175000001	0.03604908775	0.0145548305	0.0349868565	0.18729898125000002	0.207128936	0.3195059855
0.552401747	0.56116637825	0.5622157475	0.98164328375	0.45699925524999996	0.7728543925	0.5628504845	0.5063797595	0.41658264325	0.679191462	0.12776920225	0.403953193	0.959205021	0.94980787725	0.062134231	0.05999869425	0.45699694550000003	0.00510971	0.0071336657500000004	0.01003145525	0.000016337247499999997	0.0035946267499999997	0.99336849175	0.991213522	0.05693640675	0.05323834250000001	0.10734318074999999	0.019759648249999998	0.189852482	0.211912817	0.32558831250000003
0.28657205225000004	0.2256343715	0.21624502575	0.9632924007500001	0.46391068575000005	0.6193687305	0.27413334775	0.5202813005	0.48321930150000003	0.40894113025	0.120515444	0.39343538725000005	0.9521443515	0.95581171975	0.016482866	0.00182259325	0.4638936615	0.006257878	0.00841509225	0.002488938	0.007178504	0.028459906	0.99411240275	0.99096004025	0.07230809325	0.059717164	0.06712299525	0.052896309749999995	0.12730674625	0.137773751	0.359990455
0.618449782	0.63325403725	0.62730955075	0.983081029	0.44995417800000004	0.85477252	0.51971815625	0.5242586444999999	0.438656824	0.5147297495000001	0.12520975675	0.40990611625000006	0.93305439325	0.98006724325	0.051791211499999996	0.053725708000000004	0.45838106125	0.02451812225	0.027008228750000002	0.03488266475	0.010464940749999999	0.04542297225	0.9881866214999999	0.9913560095	0.21304236850000002	0.200936854	0.6726941124999999	0.22000532225000002	0.29033393300000004	0.287809262	0.40266100275
0.5798762737500001	0.59068627475	0.555287095	0.9825987829999999	0.5927363157500001	0.81194143275	0.32267314825000004	0.50956456675	0.675675189	0.5207052575000001	0.12605661175	0.40557084075	0.9552824267500001	0.946685879	0.00618213175	0.00048421149999999997	0.62779209625	0.00653070325	0.00608518675	0.00498866125	0.0244645935	0.010270454500000002	0.99223278525	0.99117195	0.09368587675	0.0805803895	0.022808748249999997	0.0571997365	0.21237469925000002	0.23581187525000002	0.35161259474999995
0.5584061137499999	0.60964532875	0.60858442275	0.9818112434999999	0.6539416155	0.8434339852499999	0.43202425175000003	0.51149123375	0.46744688525	0.51741012125	0.131149715	0.407446331	0.95240585775	0.950528338	0.05147829875	0.00373223675	0.6819874	0.01563235225	0.01807111525	0.00451495325	0.023194873999999997	0.04902815975	0.99802278425	0.99084160275	0.1989231125	0.156014898	0.22787581224999998	0.141616796	0.2432437175	0.26262449	0.42696278425
0.5420305675	0.3545631485	0.36153354174999996	0.9824140512499999	0.6597098914999999	0.72646671375	0.391659384	0.51399849375	0.48599207775000003	0.45420006874999996	0.12813990274999998	0.40870631799999996	0.97594142275	0.98078770425	0.054209939	0.00468977825	0.6723463157499999	0.0025900712499999996	0.0030946092499999998	0.0026499362499999997	0.011781636750000001	0.006560629500000001	0.99017008825	0.9898474245	0.05314040275	0.039752564500000004	0.03623844975	0.032332890249999996	0.19344542674999998	0.21522642175	0.32058808499999997
0.6653930127500001	0.42650663224999996	0.380081012	0.989137304	0.5203357390000001	0.804281082	0.6026964530000001	0.5457620085	0.69366222525	0.626666011	0.1263596195	0.41008147925	0.93043933075	0.9923150814999999	0.021836203	0.0057724535	0.567344406	0.007764219750000001	0.007072419	0.00691853175	0.024428057250000003	0.02891718175	0.99425966775	0.9906171887500002	0.09466467175	0.0604559985	0.071936699	0.17432434875000002	0.24838251075	0.26683486325	0.36080891675000004
0.62354439575	0.36955738174999997	0.37251279125000003	0.9873502700000001	0.61371164825	0.74092613225	0.452416066	0.5270533829999999	0.5968131074999999	0.44887621125	0.1244701975	0.41057091025000003	0.9191945605	0.9949567722499999	0.011433984000000001	0.0082098325	0.6426355477500001	0.00486381925	0.003074573	0.0027431664999999997	0.031930325499999995	0.0086909745	0.990890716	0.9910895565	0.07838297225	0.061328036	0.026486920749999997	0.04725417225	0.20660801525	0.23092931725	0.32954885575
0.5871542942500001	0.47613898525000004	0.48337123375	0.9836512660000001	0.55506233675	0.76882156225	0.23004515325	0.49188071549999995	0.58006841925	0.42229380799999994	0.12412850824999999	0.40293470175	0.923378661	0.9543707975	0.006207503	0.0010282692500000001	0.5579180982499999	0.011517008	0.01103617	0.01724999125	0.024237497	0.00060000125	0.9983466077500001	0.9900408894999999	0.130684467	0.10294819625	0.05718150475	0.09246286575	0.25534432549999997	0.2819271855	0.33727726900000005
0.5047307132500001	0.6649726067499999	0.66213047175	0.979441333	0.670205911	0.76646063475	0.44956667375000003	0.518537266	0.473082463	0.3816701915	0.12363255249999999	0.41283774674999996	0.985878661	0.94164265125	0.0020212439999999997	0.0029270309999999996	0.673849752	0.006083577749999999	0.00751058725	0.0030918232500000004	0.014482810499999998	0.00166638	0.99233823875	0.989837359	0.09682948975000001	0.093896134	0.02570987275	0.02039317025	0.180584638	0.20171808125000001	0.33325561575
0.86772197975	0.9643166089999999	0.96063104025	0.98628368925	0.6828999370000001	0.76517377675	0.49384604175	0.5306372770000001	0.5448865679999999	0.49607780450000005	0.1272502215	0.40891784275000004	0.9751569037500001	0.9764649375000001	0.045516051749999994	0.007916041249999999	0.6550210005	0.006370079249999999	0.0064246765	0.002416605	0.0240715975	0.00785102925	0.99228862775	0.990307778	0.10262489775	0.11995305525000001	0.08274887175000001	0.099320989	0.219859118	0.24079258274999998	0.3299156715
0.633551674	0.4335351785	0.43732234225	0.986326469	0.59563596575	0.787313811	0.40053528499999996	0.51166484775	0.5303745047499999	0.4359292775	0.12980598325	0.40963539400000004	0.97777196675	0.919548511	0.0113747845	0.0099453765	0.60681557875	0.001805213	0.00272778725	0.00291547325	0.00742082525	0.00237318725	0.989496814	0.9914171695	0.03592801725	0.022731349999999997	0.02404137075	0.031084236	0.18533101	0.20913445325	0.32648372000000003
0.56695778775	0.67200115325	0.66579022175	0.9813324000000001	0.72258815875	0.8276573107499999	0.3393234285	0.5002762045	0.520795823	0.427187331	0.12520423075	0.40438912325	0.993985356	0.9392411144999999	0.01436013675	0.007671215	0.72286655225	0.025650237	0.01788022625	0.0278596105	0.09334815825	0.0079061655	0.9986180985	0.9950301655	0.366416598	0.372179383	0.131430053	0.15720078325	0.33290847475	0.33197971725000003	0.47590219875000006
0.43759097500000005	0.25281141875	0.2550454805	0.97678703375	0.7137102165	0.75033438	0.3642760905	0.48002083375000004	0.44936982325	0.44054000875	0.12256972375	0.38106785075	0.9565899579999999	0.96829971175	0.00508271025	0.00337859925	0.713678885	0.0037626609999999996	0.0021935649999999998	0.0057925445	0.0229325745	0.018828798	0.98955572625	0.9907660385000001	0.07824335575	0.027323559999999997	0.008628682	0.012412278	0.17358484549999997	0.1939195605	0.34382126050000006
0.6317321687499999	0.45862168374999995	0.461839113	0.9856954655000001	0.595499933	0.78523153325	0.33329691925	0.51237283325	0.51296363	0.440933458	0.12329132400000001	0.40897035275	0.9296548115000001	0.9642170992500001	0.01200060875	0.0069584995	0.6857817869999999	0.00095640275	0.0005488522499999999	0.003074875	0.011054765999999999	0.022647395249999997	0.9885481402499999	0.99065446525	0.03107593525	0.023140414499999998	0.0131209805	0.017357486999999998	0.18434550775	0.2070793125	0.319402045
0.5562227075	0.3913999425	0.44489056275000005	0.9829872047500001	0.7132639327500001	0.7511551325	0.40447709575	0.51952596525	0.55902052575	0.54152117275	0.12724285375	0.41041115149999996	0.97306485325	0.96253602325	0.0335830995	0.00260059625	0.7400964107500001	0.0015321299999999998	0.00220326625	0.00442187025	0.0066967585	0.0020320425	0.98897613875	0.989837359	0.04626683875	0.03201094375	0.015946065500000002	0.026882081500000002	0.1879560335	0.21028881575	0.33130080875
0.4776200875	0.50609140725	0.50788800425	0.9789799905000001	0.87506920975	0.76169318075	0.28834389375	0.5829143295	0.45291681699999997	0.45317956049999997	0.126531845	0.40573282825	0.8480648535	0.8585494715	0.0036365482499999997	0.002693086	0.875047728	0.00510192275	0.00428570175	0.00607826975	0.02110915325	0.01783205925	0.989133118	0.989837359	0.11546948950000001	0.111065453	0.0159385155	0.011137805749999998	0.180034473	0.20191938225	0.330187215
0.58151382825	0.368656286	0.36732518475	0.98492056575	0.63389942175	0.7197183094999999	0.31938678924999997	0.5093582587500001	0.6184911777500001	0.379063591	0.1230071965	0.41327020925	0.9856171545	0.93611911625	0.00604681875	0.0044395115	0.6928455515	0.00678817875	0.00723365575	0.010642984	0.01186231275	0.017336421249999998	0.99244088825	0.9899789807499999	0.097863225	0.08549599175	0.035475856	0.06829025825	0.23213690574999998	0.25377108575	0.314934195
0.6200873365	0.5936418685	0.544959257	0.9842278222499999	0.5510338505000001	0.80293342775	0.38231920475000003	0.533764588	0.60948865675	0.4103550875	0.12697300225	0.42407161725	0.9398535565	0.9781460135	0.00444842875	0.006566777750000001	0.5546248567500001	0.0050238105	0.004081088	0.0024501085	0.0278298895	0.0035616869	0.991637519	0.9926786264999999	0.0654742125	0.059487374	0.02687835275	0.04643904150000001	0.19711109024999998	0.22086878225	0.336805261
0.5520378455	0.6890859285	0.66678510525	0.980755843	0.57479666625	0.829623062	0.5195816037500001	0.52315720875	0.50853438925	0.485700585	0.12417317675	0.41905420974999996	0.93514644325	0.99159462025	0.00734075325	0.0045320015	0.59390511625	0.01156031275	0.010418591500000001	0.006423493	0.04000880025	0.007976961000000001	0.99745716875	0.9909558074999999	0.13112780275	0.1318312065	0.07000649725000001	0.064578352	0.1960565265	0.21878274025	0.36448058024999996
0.58024017475	0.462478374	0.42415198025	0.984146152	0.602671497	0.798809403	0.515457723	0.53386379625	0.879168167	0.639244086	0.12494220775	0.4404242	0.92128661075	0.857348703	0.00180981675	0.0016376140000000001	0.62225563175	0.0046511865000000005	0.005637027749999999	0.0057018395	0.0085608625	0.01863470625	0.9900759164999999	0.992250219	0.07754749575	0.049360814	0.014053350000000001	0.061377857499999994	0.20295389849999998	0.22635239399999998	0.34708069675000003
0.5094614265	0.431805075	0.408470722	0.9806377122500001	0.5458932355	0.730256358	0.7182106182500001	0.55249350625	0.662567519	0.6164240397499999	0.1287947305	0.4117739285	0.98352510475	0.9555715657499999	0.00422008725	0.00242105725	0.62075219575	0.002689396	0.0034498297499999998	0.00508110375	0.00604417075	0.018207796249999998	0.989939964	0.9907369880000001	0.04715433549999999	0.04312965425	0.013820755	0.03683605075	0.18673989925	0.2047188115	0.31709250975
0.6337336245	0.51748125725	0.52124786825	0.9848865362500001	0.6981308587499999	0.7825767555	0.39206904075	0.5202564977499999	0.5315088225	0.50347956525	0.12334428075000001	0.411107401	0.9171025105	0.9493275697499999	0.011011129250000001	0.00749167575	0.7125334095	0.00383128575	0.003508743	0.00451203425	0.01693855	0.01532095025	0.99002956775	0.9898452050000001	0.07836721025	0.063648377	0.033221867249999995	0.03948522975	0.20195614125	0.221200801	0.33805573400000005
0.6095342065	0.35027393325	0.3551378625	0.9870323375000001	0.44125999975	0.7437531665	0.41500983150000004	0.522811108	0.72396471	0.681134117	0.1247303785	0.40602931025	0.9304393305	0.9702209414999999	0.00345049225	0.0023503295	0.5234822454999999	0.00264148625	0.0030898662500000004	0.0053880677499999995	0.00874751225	0.009506635749999999	0.99044685675	0.99105325	0.037131465	0.02327951225	0.01181944925	0.036593169249999995	0.19440812224999998	0.21064485475	0.31860770775
0.6051673945	0.5201845445	0.50554292225	0.9838065865	0.7340316362499999	0.9315786807499999	0.29051962725	0.50051633325	0.89137558525	0.5969483105	0.12932844724999998	0.40368593825000004	0.895135983	0.9058597505	0.00514190975	0.007888838249999999	0.73658839275	0.00463834625	0.002135679	0.00294014875	0.034253666249999995	0.02010947825	0.9898910700000001	0.9908061244999999	0.09089701575	0.04601581525	0.00981054725	0.047430536249999995	0.20765329124999998	0.2315375265	0.402243642
0.57860262025	0.344146482	0.34828027325	0.98549274675	0.61733680825	0.7657412097499999	0.617753623	0.527287875	0.5479114155	0.619129002	0.13212044425	0.4049075335	0.9144874477499999	0.99087415925	0.019053821250000002	0.00731757725	0.63781500575	0.0027603512499999997	0.00210265	0.008551580999999999	0.013322725	0.0045630472500000005	0.9903167002500001	0.99014558575	0.052019802500000004	0.029014811	0.02610262775	0.03434301225	0.1967017285	0.22022000474999998	0.32651963500000003
0.18267831125	0.39013840825	0.37592382049999995	0.9636030412500001	0.39123088375000004	0.59532374125	0.30633238675	0.48684702999999996	0.43710839025000003	0.4193183495	0.11965799775	0.278991832	0.8415271967500001	0.94092219025	0.03543520175	0.00916737425	0.41165521224999996	0.00534695875	0.0017352692499999999	0.0056861185	0.04274475725	0.00083020525	0.992617761	0.9932067362500001	0.0541072295	0.06000219	0.02989921525	0.0174509805	0.1428883035	0.15727825374999999	0.2932605115
0.37681950524999996	0.01185842	0.0088473565	0.65210934175	0.0437119345	0.36329921975	0.41779549925000004	0.56127680875	0.33440763399999995	0.17871194625	0.055564100500000005	0.41555710874999996	0.82400627625	0.9279538905	0.0013446769999999999	0.00056582025	0.04371897675	0.0032631865	0.0011693172499999999	0.00286580175	0.030467957000000004	0.0042083815	0.99517142725	0.9906856157499999	0.0024318342499999998	0.032867927975	0.00192272425	0.005088398	0.15472778625	0.17233602325000003	0.18313752275
0.67903930125	0.4496107265	0.4437180215	0.9878028625	0.4279860435	0.85644442225	0.5187167725	0.5268391837499999	0.5455707599999999	0.55689027675	0.12509279025	0.40635056125	0.9142259412499999	0.9872718540000001	0.014317851250000001	0.0054079345	0.43291809875	0.00837364425	0.007137002	0.008555174249999999	0.030528175749999997	0.0069724785000000004	0.9951546145	0.9940780902500002	0.07990993275	0.04999642	0.045832482	0.060865565499999996	0.21619454975000002	0.242405545	0.3710750395
0.73562591	0.55064158	0.55212478675	0.9879973165	0.6637574697499999	0.81854797825	0.4867362175	0.52291369775	0.698109471	0.5829439829999999	0.12988749125	0.4093282615	0.9466527195000001	0.9687800195	0.028407361250000002	0.0017464255000000002	0.7391657120000001	0.00773298175	0.008728044249999999	0.0030641012500000004	0.02114762375	0.00334043275	0.9924333085	0.9899263315	0.116035092	0.09178089225000001	0.0669934915	0.17113449025	0.270488219	0.28907589475	0.364421512
0.49144832600000005	0.27724913475	0.2862066515	0.98062653125	0.73513421925	0.75477252025	0.31630070675	0.508369559	0.55727403675	0.48499975424999997	0.12561591575	0.40331366375	0.961297071	0.9087415945000001	0.0058269345	0.0033350742500000002	0.75210003825	0.0024249605	0.0028850692499999995	0.0063202855	0.007179132499999999	0.00875319525	0.98934521675	0.9898386247500001	0.05954497175	0.02167031375	0.01602539825	0.02610162025	0.18824099375	0.209382127	0.34253842624999997
0.75927947625	0.5043973472500001	0.507674815	0.9900609615	0.8627403247500001	0.77762691225	0.3519954845	0.51208648225	0.61100108025	0.42824472525	0.12388997075000001	0.40654549124999995	0.89565899575	0.96829971175	0.03919860625	0.06981893750000001	0.86273386775	0.00428468625	0.00122794325	0.0036767125	0.038904917	0	0.98916354425	0.98962967925	0.10054986175	0.0854693535	0.030431369000000003	0.055686338749999995	0.23809250075	0.26404011975	0.34358856000000004
0.498908297	0.54938004625	0.58120144	0.9796216895000001	0.8906127690000001	0.72824500975	0.57456667425	0.5181550895	0.6564998200000001	0.42431023450000005	0.12407969575	0.40662400825	0.9215481169999999	0.862151777	0.00811034825	0.01147417875	0.8965492555000001	0.003385534	0.0020825170000000003	0.00462596375	0.023535979250000002	0.004649157	0.9885491879999999	0.989837359	0.08849958125000001	0.095033877	0.01048689975	0.0280554145	0.18925039899999999	0.2108311275	0.31790252674999997
0.618631732	0.47613898475000005	0.47214326325	0.98492542675	0.495372492	0.832637552	0.476203481	0.5161337235	0.538674829	0.6163010870000001	0.12936390550000001	0.40491892674999996	0.97881799175	0.949807877	0.01167923975	0.0046788972499999994	0.5334574262499999	0.00877636225	0.0076094905	0.01131987175	0.027171608000000003	0.01231508475	0.99254657	0.9965817939999999	0.0931913405	0.06727504525	0.05646359375	0.0709125095	0.22252028199999999	0.25094508249999997	0.3678574215
0.5804221252499999	0.303416955	0.299815236	0.986504881	0.46789621375	0.74141250375	0.80126174325	0.59255330175	0.573352539	0.7691068705	0.13171889	0.42931664975	0.9526673642500001	0.94836695475	0.006774128	0.00999978275	0.48253150050000004	0.0046411642500000004	0.0055137732499999995	0.0036433515	0.01198601375	0.015985767	0.9922485435	0.9918201595	0.054850508000000006	0.019634022	0.02639872175	0.04014810325	0.20219216674999999	0.22955757	0.32882606875
0.6570232897499999	0.51239907725	0.518334281	0.9859001285	0.733571033	0.82259094125	0.43909766225	0.5231583360000001	0.5656823910000001	0.426351252	0.12763335525	0.40897679249999996	0.9529288705000001	0.970701249	0.0094042825	0.00962438275	0.74198167225	0.00534167625	0.00434600475	0.010677035999999999	0.01832844875	0.01303650725	0.99097132775	0.99005057825	0.09613134225	0.079593741	0.04317128825	0.05537503425	0.223182914	0.24738424725000002	0.35979501599999997
0.5300218339999999	0.3876153405	0.396105742	0.981968508	0.7379360217500001	0.8127216537499999	0.31202206725	0.50932782	0.72643140075	0.53737766175	0.1295333685	0.41054193075	0.8420502095	0.82901056675	0.001809817	0.0007399187499999999	0.75088297075	0.00377795425	0.0046294875	0.002988955	0.012499207	0.0032958267500000004	0.9892293129999999	0.9913917075	0.07663160525000001	0.0409907285	0.008607186499999999	0.02915331825	0.200147414	0.2227152765	0.35931084324999996
0.51710334775	0.39752739324999997	0.23550312699999998	0.9812181584999999	0.55974473525	0.78826628825	0.29198528875	0.50618134375	0.666852719	0.49479909475000006	0.12432836450000001	0.40642635374999997	0.9330543932500001	0.9795869359999999	0.002114272	0.003607103	0.6065053455	0.002674317	0.001968548	0.0030017950000000002	0.00432438675	0.11773365749999999	0.9898469297500001	0.9911307927499999	0.04638782999999999	0.03060319875	0.01019297775	0.026600888750000003	0.18580473025	0.206116352	0.33695960175
0.5662299855	0.402032872	0.40356736775	0.98376793825	0.45314737375	0.7450602895	0.4728898115	0.53774869675	0.5393050054999999	0.57420203625	0.13342365225	0.412992056	0.88885983275	0.97790586	0.01490139025	0.0090204785	0.5433610155	0.01637497075	0.010257498	0.011885068	0.0741437535	0.0366684995	0.9977817555	0.9932093525	0.13900793675	0.10619393325	0.08687073625	0.0989750875	0.25823200775	0.263454453	0.34083868375
0.49217612774999997	0.4169550175	0.4131608865	0.9799036477499999	0.52250988025	0.767139528	0.25294042650000004	0.502247966	0.6172488295	0.5392711352499999	0.12499332299999999	0.4037235865	0.8323744767499999	0.801633045	0.0027231827500000002	0.0013329415	0.5483724704999999	0.007327472000000001	0.0085774565	0.00286021475	0.01615067175	0.022206052249999997	0.99077405125	0.996675385	0.08999669525000001	0.073064979	0.0176929055	0.03480682725	0.19304719025	0.213279583	0.33766654475
0.6311863169999999	0.43980680475	0.4449971575	0.9860578792500001	0.7535654964999999	0.79358091	0.34682470325	0.5000484765000001	0.64051134325	0.38319480625	0.120014883	0.4065142825	0.8697698745	0.9286743515	0.02358682075	0.00720332525	0.76906739225	0.008866277499999999	0.00497621	0.01248902325	0.044687118000000005	0.01113096425	0.9906219992499999	0.99088558125	0.16223443975	0.10489397824999999	0.05043328525	0.114550862	0.29825303200000003	0.31724400399999997	0.395280258
0.2791120815	0.13797577825000001	0.1095793065	0.825907615	0.2135885025	0.33920356674999996	0.1418050395	0.22166593	0.34232985225	0.3476491415	0.11113695025	0.40887103	0.83002092025	0.9289145055	0.00051588225	0.0005114144999999999	0.23589633425	0.001863557	0.00090025625	0.0027755287500000002	0.009513998	0.07937385525	0.9918210055	0.9903511275	0.01588115925	0.04675272675	0.00120011825	0.0057261527500000005	0.14774635025	0.1715391355	0.25547552925
0.7489082967499999	0.5018742789999999	0.5058982375	0.98970365225	0.575834813	0.9591599957500001	0.4411459475	0.5175192555	0.7041051492499999	0.43472433975	0.13030193899999998	0.41081116700000003	0.9563284522500001	0.9370797310000001	0.053710970499999997	0.024259537	0.6985490645000001	0.04614168075	0.017465691	0.030982508000000002	0.26689925849999996	0.0781167805	0.996321391	0.985246132	0.45560532425	0.1950373145	0.19549244100000002	0.49002219025	0.67799936225	0.6451958852499999	0.8150057552500001
0.47452692874999997	0.3784962515	0.40463331425	0.979188543	0.89748124175	0.7535869895	0.25365049900000003	0.48753246824999996	0.45478934125000003	0.397358973	0.12333230825000001	0.405021717	0.81093096225	0.81940441875	0.010309191499999999	0.0028291007500000002	0.897432226	0.0017566395	0.0017555980000000001	0.0033394889999999993	0.012854319749999999	0.0021490755	0.98817091	0.98983808	0.061472144500000006	0.0480040935	0.01226240725	0.01084462625	0.1772704	0.19933208225	0.33008090500000004
0.69359534225	0.7332035755	0.71127060825	0.984103372	0.5210182905	0.82964839425	0.6852377832500001	0.53550298525	0.53210298875	0.779004574	0.140107775	0.40641669375	0.955543933	0.92291066275	0.022800311499999996	0.005375291250000001	0.69153302775	0.024312605249999997	0.02521614775	0.007790378	0.04018945375	0.127314423	0.9971732455000001	0.9939300292500001	0.24295155199999996	0.24029618549999998	0.17348347050000001	0.19580688475	0.316346876	0.3227373885	0.42566702475
0.6754002912500001	0.68786043825	0.632035247	0.9850493915	0.76528819875	0.9119009017499999	0.38510487200000004	0.514246514	0.7412135395	0.538730143	0.125045359	0.40886607649999995	0.9228556487500001	0.913064361	0.00629207375	0.0128832885	0.820542192	0.0033234657500000003	0.00127597875	0.007621938	0.02341098925	0.015450976500000001	0.988377753	0.9910223720000001	0.0766947675	0.044426141	0.01375410025	0.04458278075	0.21727433125	0.24009669374999998	0.3719727775
0.80476710325	0.52638408275	0.530770324	0.99132005175	0.61340139775	0.9180818725000001	0.36682506724999997	0.5146591300000001	0.5276017285	0.44860571475	0.12586044000000002	0.4080692655	0.9171025105	0.95076849175	0.06212577375	0.00983112475	0.61581233275	0.03123068425	0.0117590065	0.00560432825	0.20933994725000002	0.00403579725	0.9986917507499999	0.9893553384999999	0.36033955175	0.19777166375	0.29666294525	0.30662940400000005	0.4642895215	0.5030913650000001	0.6285213629999999
0.5809679765	0.41645040375	0.419343377	0.9843624822500001	0.71292027025	0.81037085825	0.48498834724999995	0.519999459	0.56092906	0.44669994574999994	0.12617542025	0.40574546050000004	0.99372384925	0.9353986552499999	0.0168380635	0.0062838675	0.7260882017500001	0.0124607105	0.008474499	0.01026647475	0.05670553975	0.005710681	0.9927280795	0.9935698292499999	0.18798219925	0.10283190225	0.04867755125	0.07143844099999999	0.25652180775	0.285945101	0.43373599900000004
0.6686681219999999	0.48907871974999995	0.49285815774999997	0.9866828065	0.78464545525	0.7599300840000001	0.397267133	0.5094845232499999	0.6524126757500001	0.533590715	0.132113997	0.40588367025000005	0.914748954	0.9248318925000001	0.04642941725	0.00763313075	0.7858915615	0.04461428975	0.02432045075	0.13283444	0.09933257175000001	0.025734576500000002	0.9934933772500001	0.9938200534999999	0.65117207	0.55946853175	0.163574467	0.35751919725000003	0.6206398877499999	0.68731603325	0.541364552
0.56513828225	0.40033881225	0.40442012525000004	0.9836070275000001	0.67177625675	0.755101834	0.5028949094999999	0.52552580325	0.52911415175	0.46819210149999996	0.12572413225	0.41154209275	0.9869246865	0.9920749280000001	0.0060637325	0.0029705555	0.67201221825	0.00452488025	0.005008513500000001	0.0060167635	0.013074733249999998	0.00466568775	0.99094626375	0.99007234675	0.081428392	0.062263736	0.0451908155	0.056763645249999994	0.2091599315	0.23103548750000003	0.33025929525
0.55895196525	0.4175317185	0.41529277975	0.98310193275	0.713726922	0.7664505017500001	0.36583278725	0.51178547575	0.8549153765	0.46174937274999994	0.12416074275	0.406123679	0.923117155	0.9716618635000001	0.00939582575	0.06879610925	0.71398911825	0.0058954062500000005	0.003239562	0.00622046825	0.031021584499999998	0.046284779250000005	0.9911148084999999	0.9902818074999999	0.10472827	0.0841720735	0.006826445	0.03227202825	0.22107044825	0.24343788575	0.33828813599999996
0.54566957775	0.3661692615	0.347143263	0.9831043635	0.79728936375	0.81242273775	0.2739239675	0.50247682125	0.58799063725	0.36755520575	0.123032524	0.4056144335	0.951621339	0.8883285304999999	0.00205507275	0.007464473	0.8350038185	0.00558669325	0.00419920725	0.0034423002500000004	0.02215785425	0.06827698624999999	0.989921823	0.98993724375	0.10852498875000001	0.05549841375	0.01896920525	0.03423325075	0.21512731000000002	0.2356251385	0.38120955075
0.56659388625	0.40740340249999996	0.41600341075	0.9835506357499999	0.7593934360000001	0.7741564495	0.47838831825000006	0.51798823925	0.5599927979999999	0.49315152725	0.12883801725	0.40529838425	0.9649581589999999	0.95845341025	0.00772977925	0.0085525885	0.77302882775	0.008717425499999999	0.00595520925	0.00586775875	0.03854101925	0.049896990499999995	0.9925794407499999	0.9898645205000001	0.14260000575	0.099976184	0.042577610249999995	0.06028342675	0.23464040975	0.2626371125	0.38458595900000003
0.2887554585	0.066536909	0.036277715	0.72522167775	0.17135145200000002	0.531158172	0.30616852349999996	0.4980350025	0.42320849824999995	0.34762455099999995	0.11026338599999999	0.40615439225	0.8600941424999999	0.945244957	0.0494993405	0.01610955125	0.1713440245	0.016812067	0.000632352	0.00271081925	0.0036861672500000005	0.00163662275	0.989848963	0.989616651	0.005703261	0.002794589	0.041808823499999995	0.012850286249999999	0.158788197	0.17741779274999997	0.28621095675
0.6466521107500001	0.45454873149999997	0.45011370050000005	0.9864414404999999	0.7777173187499999	0.7568142667500001	0.448902119	0.52604551875	0.813485776	0.53173412675	0.128610992	0.5560893497499999	0.97175732225	0.92795389075	0.003535063	0.0013982285	0.78133352425	0.001584364	0.0016744525	0.00706595175	0.00684644625	0.0076062205	0.98868234425	0.9899465795	0.05115026499999999	0.0419485715	0.00470016325	0.022914041	0.19086952325	0.21506193175	0.32523995025
0.58751819525	0.37709054225	0.37048749275	0.9851920719999999	0.84881722925	0.7553602187499999	0.3335245065	0.51181253275	0.6529708320000001	0.4885162055000001	0.1261173975	0.40769228500000004	0.758629707	0.74543707975	0.0131761445	0.004820352	0.9054266895	0.005713441499999999	0.00502264425	0.002416301	0.02142398475	0.051166369749999996	0.98884695	0.989837359	0.1240377205	0.09461905	0.021539246999999997	0.048569404249999996	0.21721503025	0.24782790324999998	0.34570515225
0.5005458515	0.410467128	0.40612563975000004	0.98030422375	0.7009493670000001	0.7577008814999999	0.349036851	0.5102195654999999	0.6233345335	0.4829341465	0.124410793	0.40506332875	0.9683577407499999	0.9430835735	0.00306146625	0.001109878	0.70093547125	0.00257712925	0.0033627135	0.00637624	0.00555973625	0.0073130056	0.989502074	0.99024667275	0.05919047825	0.050283393	0.00985377575	0.02582368325	0.18386003825000002	0.2066616395	0.32542187499999997
0.5105531295	0.45912629774999997	0.46517907875000003	0.9805035390000001	0.8946675065	0.73412706475	0.41147767825000003	0.507849844	0.62313647825	0.4490114595	0.12330698025	0.40593915225	0.7562761505	0.84726224775	0.00977639475	0.00304128325	0.89466399375	0.000807942	0.000069116575	0.002501044	0.011395303	0.03814860225	0.9878748245	0.989837359	0.04643662925	0.043947885	0.00456642625	0.01487662775	0.18030352075	0.20275605775000002	0.3163055885
0.43613537150000004	0.20162918124999998	0.1998294485	0.976360207	0.30298127025	0.7106089772499999	0.36750782875	0.5100121305	0.509542672	0.39164166650000004	0.12248775525	0.385255257	0.90978033475	0.9791066282499999	0.013945739499999998	0.005843180999999999	0.3139557085	0.1627244845	0.06018883025	0.03465282125	0.983986791	0.42047336474999997	0.95099951675	0.7592386125	0.7841362734999999	0.28507446725	0.72348752825	0.6909966165	0.20388704475000002	0.206563807	0.335038148
0.52419941775	0.46799307975	0.443362706	0.9810796097500001	0.52039778925	0.78635626725	0.35452625449999997	0.52325303475	0.704807346	0.38582599675	0.12252735825	0.40812771975000006	0.92154811725	0.9800672432499999	0.0026470685	0.011436095	0.536750668	0.005359381999999999	0.0032587282499999997	0.0040390915	0.032763165999999996	0.020665076749999997	0.9911229675000001	0.9939041120000001	0.067679677	0.054456937	0.0148341525	0.039569667249999996	0.1887289915	0.21094396725000003	0.3391028245
0.540756914	0.354491061	0.34319926100000003	0.9829614397499999	0.571200145	0.77733306325	0.30125264	0.5166895145	0.505329492	0.43645797475	0.12497766575	0.40617173075	0.94952928875	0.9757444765000001	0.0057677345	0.0031500950000000003	0.5711865217500001	0.014373364	0.0138721545	0.002416301	0.04590312125	0.0181790525	0.9985440885000001	0.992746372	0.16690368025000002	0.1121813885	0.08049765774999999	0.06721146875	0.2261511705	0.24495314225	0.38337698649999996
0.5009097524999999	0.2279051325	0.23646247875	0.9824723875000001	0.7568589265	0.75821258525	0.46638992074999996	0.537471365	0.46678069875000006	0.4191953965	0.12430533925	0.40429376349999996	0.9325313805	0.8806436120000001	0.04668313	0.0089171075	0.8007350135	0.00061421925	0.0012912585	0.00565510975	0.0027566132499999996	0.0038283777499999996	0.98826969425	0.989863072	0.035856957	0.00710211475	0.014669573000000002	0.014883996000000002	0.18636352550000002	0.20539749825000003	0.32642861975000004
0.50927947625	0.34126297549999995	0.340640989	0.98134236575	0.5264094925	0.7376228592499999	0.38521411375	0.5152047745	0.515088225	0.43319972475	0.12437533475	0.40927674225	0.88624477	0.9673390970000001	0.01620378225	0.005375291	0.5780116457500001	0.002844182	0.00188991525	0.00465493875	0.019160464	0.01007200475	0.99090711525	0.9900532197499999	0.044747944250000005	0.034446236250000005	0.029311586500000004	0.03298958925	0.18246328574999998	0.20270379575	0.31842426125
0.7893013099999999	0.5025951555	0.49161455375	0.9911173337499999	0.53006567775	0.8086482925	0.35091216975	0.5120278595	0.46757292050000004	0.5329390645000001	0.13106037875	0.40563920225	0.972280335	0.9829490872500001	0.067952708	0.0181497685	0.5986302025	0.00626590025	0.00779732725	0.01336802175	0.0024886529999999995	0.00241366825	0.99359180475	0.99004563775	0.074890669	0.04627989275	0.18841566175000002	0.10596306225	0.24695248375	0.25795876825	0.34916504400000004
0.51255458525	0.23082468275	0.23848777725	0.9832842335	0.76736449225	0.7314621545	0.38997523875	0.50380823975	0.6580662584999999	0.43113411675	0.12421738425000001	0.40289284225	0.9448221757499999	0.964697406	0.00405094525	0.01103893275	0.767373043	0.008506146000000001	0.0040264775	0.0029615635	0.056705217749999995	0.0194309685	0.9910655257500001	0.991564769	0.147804846	0.0543660005	0.0295862015	0.07604330725	0.23988828175000004	0.27728248624999996	0.3586581045
0.55076419225	0.39284169575	0.39042069349999997	0.9836415430000001	0.4361862075	0.78584456375	0.564134076	0.521629629	0.48872884375000003	0.67456843525	0.13076519975	0.407190222	0.94116108775	0.985830932	0.00660498625	0.00527192025	0.4635118365	0.00871318425	0.01117024625	0.007194159500000001	0.0076634855	0.015283622	0.99728445575	0.990220833	0.07960608749999999	0.0516666565	0.0666960535	0.05804892225	0.2053919485	0.23100868100000002	0.34986722900000006
0.48508005825	0.32169117625	0.3126421265	0.9801753975	0.5622171945	0.7331644545	0.32584116225	0.49626052975	0.563899892	0.50654109075	0.12749474575000003	0.4011828075	0.9254707114999999	0.98559077775	0.0042792870000000005	0.00334595525	0.562547728	0.0071479385	0.0056976585	0.00741406275	0.031121889	0.00033954362500000004	0.9932670065000001	0.99228278625	0.090728483	0.061975297750000005	0.02204613975	0.03415860525	0.19784017050000002	0.21762436749999997	0.33160522375
0.6719432315	0.41724336775000004	0.41515065349999997	0.98852987775	0.6762367067499999	0.899027257	0.36210035675	0.52017307275	0.7846236944999999	0.38593665475	0.12509693475	0.4071986435	0.90036610875	0.9759846302499999	0.01068976025	0.0036397465	0.6804362355	0.00343069525	0.001893302	0.004284053	0.024246331500000003	0.014336100000000001	0.99029354375	0.99044306725	0.0648494395	0.011446124499999998	0.018330036249999997	0.062052899	0.21337088924999997	0.23347995375	0.37426307950000004
0.719978166	0.41825259524999997	0.4209778285	0.99094572775	0.639753613	0.8315077515	0.40694414100000004	0.5215383125	0.519175369	0.47427826674999995	0.130680468	0.41103061825000003	0.9565899579999999	0.96998078775	0.17883359825	0.011381688999999999	0.69637743425	0.015596274	0.01177857325	0.00277242575	0.06973774825	0.021156154	0.9982133400000001	0.9901068777500001	0.19188742474999998	0.11638260924999999	0.23362471150000003	0.2189273645	0.39695390625	0.39427868525	0.41908184049999997
0.5283842795	0.37471164925	0.37695423525000005	0.9824424905	0.7254901960000001	0.728619921	0.3667886535	0.519082911	0.55446525	0.717958491	0.13733465825	0.40552031250000004	0.78791840975	0.80163304525	0.013252258	0.00326434675	0.73131443325	0.0046598805000000005	0.004542641	0.005578691	0.01715524075	0.009672115249999998	0.99004398425	0.99104136	0.0875521485	0.06791590925	0.03477266525	0.044302637000000006	0.202734898	0.22520702350000002	0.33029268650000004
0.577147016	0.46438869650000003	0.444783968	0.9833498620000001	0.6587648205000001	0.80047117225	0.361444906	0.5062782967499999	0.46577241649999995	0.46482319400000005	0.127187133	0.40503781699999997	0.97907949775	0.9375600385	0.01834342525	0.029934060499999998	0.68671248575	0.0033392682499999997	0.00382392625	0.00589136925	0.009660791500000002	0.00939857275	0.990426894	0.98981223825	0.06342260225	0.04222627849999999	0.0839141515	0.052498904	0.20359245925	0.22112565875	0.34255172675
0.59843522525	0.58081026525	0.52082148975	0.98289775575	0.5094674189999999	0.83264261825	0.396493336	0.52195092775	0.735217861	0.4794668765	0.12692188625	0.41165380025	0.94194560675	0.99039385225	0.01030919125	0.00317185725	0.5545771285	0.01090652625	0.0089087345	0.00417982775	0.040826592749999994	0.05004545275	0.9955338134999999	0.9944489572499999	0.11260314425000001	0.09166041800000001	0.072976395	0.19108456275	0.22440295875	0.237934454	0.35961697249999997
0.6872270745	0.7585784314999999	0.75277146125	0.98401173525	0.5875694485	0.78940115525	0.8233103925	0.5626781235	0.59519265425	0.51491417875	0.12396503149999999	0.41095581675	0.96809623425	0.99111431325	0.03799769975	0.00577245325	0.592664185	0.00729150925	0.009608591500000001	0.0024372845000000002	0.010464748749999999	0.015709701	0.993388434	0.9907492769999999	0.10091717875	0.1192696955	0.10958426475000001	0.17080045475	0.21334776174999998	0.22544365824999998	0.33357626900000004
0.49108442525	0.24931516725	0.242135683	0.98146365675	0.40792237049999996	0.7571233155	0.36645182425000006	0.50666272825	0.76874324825	0.53893916325	0.1240018715	0.40630944525	0.87500000025	0.9783861672499999	0.00153919	0.0380296405	0.4332999235	0.0050373894999999995	0.00211478125	0.00351459725	0.03975572325	0.00222229275	0.9906852654999999	0.99598575075	0.05249941125	0.007279385	0.00572873025	0.026407244750000003	0.189171325	0.21128409174999999	0.3359325155
0.5960698689999999	0.530709343	0.28240477550000004	0.9833498620000001	0.5799683065	0.7602897965	0.37142232900000005	0.5155080354999999	0.65228664	0.44361382950000006	0.1233857255	0.407856254	0.8990585775	0.9634966374999999	0.015307330499999999	0.001479837	0.6010404735	0.00494723425	0.00309033525	0.003293504	0.02743396425	0.041805034000000005	0.991297646	0.9907428635	0.07607969049999999	0.068584047	0.02050231775	0.04641692525	0.19643266375000001	0.21924720799999997	0.32770795799999997
0.5347525470000001	0.31621251424999997	0.31655059675	0.98347382625	0.47661903099999997	0.731528017	0.36436712574999996	0.52165555825	0.6427619732500001	0.53657846875	0.13195328350000002	0.4089953695	0.945606695	0.9406820365	0.00319677975	0.0011751650000000002	0.55121229475	0.00612546575	0.0059703512499999995	0.0047517635	0.0187382545	0.033201426	0.9913711445	0.9946388097500001	0.06333102525	0.034746030250000004	0.01819653675	0.041161304499999996	0.20003277249999998	0.22336964725000003	0.31945743425
0.7692867542499999	0.482014129	0.48831011925	0.99086357125	0.9465342612500001	0.8946651130000001	0.343128687	0.51285421775	0.71478213925	0.46381498074999994	0.12636698675000002	0.4056057645	0.1697175735	0.29851104675	0.03880958025	0.003786642	0.948644521	0.00473447425	0.0063787787499999995	0.00333603675	0.009706962500000001	0	0.98830597325	0.9898714865	0.11752392750000001	0.07246169775	0.0446497595	0.11505740225000001	0.28795943175	0.31625273825	0.41672958150000006
0.522743814	0.553416955	0.5506679935000001	0.980510831	0.6651154130000001	0.79664099675	0.34830857200000004	0.50942928275	0.8198595605	0.53970147075	0.1296323755	0.4093178585	0.9856171549999999	0.9930355424999999	0.00345049225	0.000527736	0.67401680025	0.0018691674999999999	0.00269751825	0.0033445305000000002	0.00543493825	0.018837119250000003	0.98970038325	0.9898820269999999	0.04494810025	0.0381348425	0.00871366625	0.035748578249999996	0.18297034825	0.2050435485	0.32840067575000004
0.520378457	0.32511534025	0.316941444	0.87596011775	0.26742654200000004	0.6316850745	0.3495830605	0.49565062525	0.38190493325	0.781045591	0.59042975475	0.41945472075	0.84675732225	0.9433237272499999	0.0016745035	0.003471089	0.34514604825	0.0012152374999999998	0.00104777375	0.0058047705000000005	0.002449649	0.056070319	0.99064382775	0.989987199	0.013693471249999999	0.01310750714	0.0060293429999999995	0.00395915325	0.164259655	0.18422154425	0.299132656
0.659388646	0.5539936562500001	0.5354604887500001	0.985449967	0.631562995	0.82481001125	0.42236545025	0.51597251025	0.5419517465	0.52472581525	0.131507982	0.40682562625	0.97254184125	0.9627761770000001	0.01233043525	0.006164175	0.67678503225	0.007707671500000001	0.00786542725	0.0109093515	0.015542008250000001	0.0184193915	0.99339193375	0.98997062525	0.10677832525000001	0.08972553925	0.06108636475	0.077264732	0.24029354749999998	0.26506357425	0.359480719
0.5338427945	0.33246828149999996	0.3229107445	0.98297310725	0.403106325	0.77828554075	0.520701333	0.522614946	0.5302124595	0.358813259	0.12258215724999999	0.42890524075	0.89461297075	0.9795869355	0.003323636	0.0033241932500000003	0.40311187475	0.001512506	0.0023022825	0.00478996475	0.003270655	0.018048195250000003	0.990888108	0.98994755925	0.02313610275	0.009154487250000001	0.01247670625	0.01989637375	0.17995936025	0.20058223	0.32132284375
0.57241630275	0.37445934275	0.39052728825	0.98437925375	0.6282886575	0.7617539769999999	0.44364940650000007	0.5241447805	0.5969031327500001	0.39917867525	0.12385865675	0.41003491425000005	0.9437761505000001	0.986551393	0.00786509275	0.00522295475	0.6452367315	0.002497706	0.002099007	0.0032427015000000003	0.016982241	0.0050418402499999996	0.989410955	0.9913116802499999	0.050400247499999995	0.035290186	0.018460120000000003	0.03461320725	0.186560933	0.2086374165	0.32601219325
0.6502911204999999	0.28067329874999997	0.2887293915	0.99274953325	0.624503599	0.7553855505	0.55749763325	0.5611494165	0.73548793675	0.4803275465	0.1274574455	0.4248389535	0.9626046024999999	0.96133525475	0.0271218835	0.0036506280000000004	0.6371229475	0.0022628505	0.0020161780000000004	0.00453460025	0.0143195405	0.00225664125	0.98905301875	0.99197393	0.0461728365	0.02447866925	0.014631492	0.044424192	0.20269675125	0.22672517124999997	0.3263355915
0.3815502185	0.331747405	0.338189312	0.97371465825	0.51986320325	0.69991893775	0.54180321875	0.5100617345	0.40810226875	0.4804750895	0.12333461025	0.39627091475000004	0.91841004175	0.978386167	0.06029058550000001	0.0117516485	0.52560614775	0.003865611	0.00339142	0.0036110624999999997	0.020803154500000004	0.00213203775	0.9912685554999999	0.99129865575	0.056319216750000005	0.049150008499999995	0.07215546875	0.016934394999999998	0.16646237049999998	0.18632096850000002	0.30903291625
0.48708151375	0.251441753	0.25184764075	0.9811044025	0.68161120325	0.7348616880000001	0.32430267275	0.50117922375	0.603817069	0.43446613875	0.1262081155	0.40186147125	0.9322698745000001	0.90706051875	0.0033828357500000003	0.0030031994999999995	0.6815817105	0.000434088	0.00113131	0.00275441675	0.005209318750000001	0.0022433337499999997	0.9881864945	0.99063458175	0.030042046499999996	0.00831437725	0.007951343	0.01887944675	0.17471013949999997	0.197091239	0.31573012125
0.48708151375	0.251441753	0.25184764075	0.9811044025	0.68161120325	0.7348616880000001	0.32430267275	0.50117922375	0.603817069	0.43446613875	0.1262081155	0.40186147125	0.9322698745000001	0.90706051875	0.0033828357500000003	0.0030031994999999995	0.6815817105	0.000434088	0.00113131	0.00275441675	0.005209318750000001	0.0022433337499999997	0.9881864945	0.99063458175	0.030042046499999996	0.00831437725	0.007951343	0.01887944675	0.17471013949999997	0.197091239	0.31573012125
0.40374818050000005	0.29318050725	0.287734508	0.9747321395	0.43423401500000003	0.65180362775	0.46630798924999994	0.7481195547499999	0.46031688875	0.419945409	0.121922264	0.3266679775	0.9061192464999999	0.98126801175	0.0050319679999999995	0.00367783075	0.43425448675	0.005977678	0.006550772	0.002933487	0.02005845025	0.00108388225	0.99538160775	0.9898352335	0.058870121	0.059216878	0.03624052625	0.023826789999999997	0.15979520875	0.17866044725000002	0.28400730750000003
0.6399199419999999	0.4498269895	0.423465037	0.9858067905000001	0.593786395	0.7473857534999999	0.39748561649999997	0.5102342212500001	0.6001260350000001	0.504155806	0.12995518450000001	0.40693163624999995	0.9680962344999999	0.9375600384999999	0.014461621499999999	0.0039335379999999994	0.7540568922499999	0.0107331145	0.009706385	0.009267103249999999	0.0273145285	0.056912808	0.9933376949999999	0.9897894942500001	0.1354613465	0.11608191450000001	0.05550966699999999	0.09213162775	0.261758487	0.27330026325	0.33316783625
0.5540393015	0.30233564	0.30848493475	0.9848641734999999	0.6620916622499999	0.7479886514999999	0.40210108525	0.5197796225	0.4967590925	0.461614125	0.1279561645	0.40508933575	0.9280857739999999	0.980307397	0.03012415025	0.011784291999999998	0.6923205422500001	0.00393864925	0.002973416	0.0028476305	0.0246878215	0.004854955	0.990946569	0.9899823550000001	0.067979106	0.03678898475	0.074070023	0.06011586675	0.20123953475	0.2232950115	0.32987955425
0.6504730715	0.65080738175	0.6480244454999999	0.9839755182500001	0.46666953050000004	0.82356875075	0.47047738699999997	0.51582031625	0.43455167475	0.7025279105	0.13703717675	0.40838258974999997	0.9406380754999999	0.99015369825	0.032847333	0.018508846250000002	0.49665903	0.01493062925	0.013130622500000001	0.039358831250000004	0.012328919249999999	0.01498667675	0.9973402685	0.99737768425	0.1319901815	0.11856559175	0.28565777625	0.090530392	0.24474826774999997	0.2663502375	0.367229975
0.5855167395	0.3294405995	0.335559977	0.9859584645	0.47202016150000004	0.7664859662500001	0.35285121275	0.5072489585	0.52806985975	0.47915949425000004	0.12599720725000002	0.403245054	0.90794979075	0.9875120079999999	0.016533608499999998	0.0110280515	0.578465063	0.00947719475	0.00552471075	0.005359811	0.0544503365	0.00810212225	0.9938894925	0.9938299287499999	0.09422772674999999	0.0524981255	0.06707859175	0.07563661625	0.22704659200000002	0.24121078299999998	0.3576679735
0.5138282384999999	0.38977797025	0.39752700425	0.9811476685	0.80355404125	0.75032424725	0.294452334	0.502939041	0.50648181525	0.44124084025	0.12669624275000002	0.40481465024999996	0.9296548117500001	0.8988952929999999	0.00859240225	0.0041946855	0.805316915	0.007052378	0.0065427875	0.0090746725	0.0228978125	0	0.99097724825	0.9898482235	0.131637501	0.1024070715	0.052007294	0.050164526249999994	0.217226897	0.23983956350000002	0.3443524625
0.5429403205000001	0.25432525925	0.262436043	0.9854280907499999	0.44216927275	0.78963420825	0.324867089	0.507022358	0.53237306425	0.39674420900000007	0.12512916975	0.4024752415	0.9442991629999999	0.9723823247500001	0.019730387999999998	0.0042382105	0.49379534175	0.002965184	0.0032538525000000004	0.00664288975	0.00998444825	0.0033939572500000003	0.99077944425	0.99210111675	0.036101887	0.001226376	0.028921981	0.03626163025	0.19076681625	0.21163388300000002	0.335054492
0.5394832605	0.49095299875	0.48635588374999994	0.9811476685	0.743465643	0.72978518625	0.41456376075	0.5164358575	0.83456967975	0.483352186	0.1304884405	0.406410997	0.91997907975	0.8537463977499999	0.00416088775	0.00325346575	0.85824742275	0.0043044039999999995	0.0028731095	0.00851645275	0.02001493475	0.02065260025	0.9892930080000001	0.9899283205	0.08194577775	0.07986303199999999	0.010338884999999999	0.04397050675	0.194452556	0.22147017349999998	0.319778598
0.5158296945	0.41017877725	0.41280557149999997	0.980908004	0.9043855125	0.7418735435	0.264947928	0.49603843849999996	0.6214079945	0.48833177575	0.1261081875	0.40285023999999997	0.542625523	0.63544668575	0.0029430669999999997	0.001523362	0.9075267277499999	0.016812067	0.00346732775	0.002416301	0.00901093025	0.02799311275	0.9882256332499999	0.9899642989999999	0.081108203	0.06491650525	0.015538181500000001	0.03545620675	0.1967388975	0.21968719125	0.3320252715
0.6209970887499999	0.46355968875	0.43969111225	0.9857635245	0.5752477235	0.8213395477500001	0.339041221	0.51255884825	0.586568239	0.49668027324999997	0.12399404325	0.40776089425	0.8980125525	0.97574447675	0.0283397045	0.00935779425	0.585958381	0.0107392095	0.005214544749999999	0.00617795275	0.05610439175	0.04352219225000001	0.994036154	0.99454454925	0.13424526725000002	0.06732910075	0.073398147	0.11284923475	0.22135229024999997	0.26429581450000006	0.36732654725
0.5773289665	0.232194348	0.23923394	0.98930210375	0.68499770875	0.730499544	0.366834171	0.5126512925	0.833975513	0.40959278025	0.123831948	0.407097339	0.936715481	0.9702209415	0.01134095625	0.0010609125	0.6860681554999999	0.0010146142500000001	0.0012173535000000002	0.00341467075	0.009668812249999999	0.0017909735950000002	0.9889389180000001	0.989837359	0.037957354750000005	0.010531235500000001	0.008698901	0.037855232999999995	0.194945493	0.217365591	0.320602657
0.50473071325	0.47094867375000005	0.47214326300000004	0.98020407975	0.5201710675	0.7957645149999999	0.37741242425	0.5080798262499999	0.54029528275	0.6328874245	0.130140765	0.40523101325	0.9503138074999999	0.98679154675	0.0102499915	0.0026223585	0.5397814055	0.0045680172500000005	0.00569939825	0.00362456575	0.009547324749999999	0.02032544175	0.9923320204999999	0.99022277775	0.06195592	0.0434246325	0.02596289275	0.03761687375	0.186210485	0.20904749074999998	0.33830786125
0.61644832625	0.53651239925	0.5364553722500001	0.9839888867500001	0.49092397425	0.7959874355	0.469767315	0.519182119	0.55543752225	0.446109772	0.126872153	0.40706167225	0.90951882825	0.96709894325	0.01363282675	0.01043502875	0.4919578085	0.013186874749999999	0.005579884	0.006149981499999999	0.0875999925	0	0.99384543325	0.99733886075	0.12807563225000002	0.11456094225	0.06304414750000001	0.085720835	0.21850759200000003	0.244823754	0.36016250575000003
0.5522197959999999	0.344002307	0.3501279135	0.984172403	0.66122057425	0.73033235425	0.43653047875	0.5192926007499999	0.56930140425	0.593972852	0.12844981775	0.405901999	0.95842050225	0.957732949	0.005970704500000001	0.003541816	0.66649961825	0.003112843	0.0031523610000000002	0.004266263	0.015087133999999999	0.00044598495	0.9899193860000001	0.99074501075	0.06105805175	0.043272876499999995	0.018068404250000003	0.0318072125	0.19983904000000002	0.22245616224999998	0.32103929975
0.67030567675	0.5139489620000001	0.49914724274999994	0.986333518	0.38880376875	0.7831948525	0.41445451874999995	0.51060512475	0.46935541925	0.55211970675	0.12798379425	0.407389363	0.88755230125	0.95917387125	0.03170562575	0.011272878	0.3979095075	0.01492503875	0.012945613750000001	0.005974157000000001	0.048700164500000004	0.049241660500000006	0.9946328019999999	0.99009697375	0.11007702875	0.08760056849999999	0.23442921525000002	0.1391801095	0.22065919825000002	0.24893948125	0.35111480375000004
0.401382824	0.340614187	0.33143831749999997	0.9746422044999999	0.68243456125	0.6067940015000001	0.12480882674999999	0.47250018075	0.35727403700000004	0.306029607	0.11912243875	0.38944662649999995	0.96521966525	0.9070605187499999	0.00177598875	0.002410176	0.6934421535	0.002398564	0.00319653375	0.0030030695	0.0095448515	0.00251831525	0.989410467	0.9904744187500001	0.05422621525	0.067640088	0.010123781	0.01226200975	0.16275149725000002	0.17985204325	0.27288457225
0.642467249	0.44416810824999997	0.4518192155	0.9865379377499999	0.8888944575	0.723300233	0.32346515175	0.50735154825	0.78253510975	0.44490483449999996	0.1256836085	0.40594162925	0.95606694525	0.8753602305	0.025887148500000002	0.13620487050000002	0.88934230625	0.007383555250000001	0.00325513625	0.0310711795	0.02141770375	0.005945587275000001	0.98953289025	0.98992510875	0.15465454925	0.14213281975	0.013872646499999999	0.04923315825	0.24903153949999998	0.2749348815	0.32619891425
0.50782387175	0.339496828	0.34099630449999996	0.9813192747499999	0.60664747875	0.76559935125	0.466435438	0.52039967375	0.53519985625	0.54582452175	0.12726357625	0.4051990615	0.9801255227499999	0.93227665725	0.006495044249999999	0.0039008945	0.6093928977499999	0.00666218725	0.00725546625	0.004593892	0.01985609575	0	0.9917647039999999	0.9925494797500001	0.09673928425	0.06268234624999999	0.031933609	0.04227576525	0.20142517599999998	0.22659643725	0.34634661275
0.612627365	0.59256055375	0.574237256	0.9835880685	0.45825935075	0.845257878	0.32918214274999996	0.5114202095	0.44267194825	0.39421138075	0.124925169	0.40926435775	0.925209205	0.9781460132500001	0.02742633875	0.054503710250000004	0.46830851475	0.030098041250000002	0.03247296275	0.037445016500000004	0.01422679075	0.10218657775000001	0.9811103164999999	0.99000032625	0.24667548174999998	0.21123271	0.45768841125000004	0.15632417525	0.288596408	0.31756739025	0.44387297625
0.68977438125	0.4331747405	0.4366472425	0.988942121	0.87091901025	0.802634512	0.461555968	0.51551592775	0.62030968675	0.43883096450000003	0.1249293135	0.40838704825	0.64147489525	0.64505283375	0.015907784	0.006974820749999999	0.870919244	0.0072885534999999994	0.008587921	0.0014876715	0.01789924475	0.017806336000000002	0.9893499947500001	0.99050095325	0.1511830985	0.111468339	0.04809587875	0.09334973625	0.26175516625	0.2953544735	0.38260448325
0.54093886475	0.34731833925	0.35417851024999997	0.983778147	0.7471862652500001	0.7435150469999999	0.40288398525	0.50566501025	0.63510983075	0.57466925675	0.129788024	0.40317421575	0.87160041825	0.88520653225	0.006698014249999999	0.004668016	0.74716017575	0.00274941925	0.00201660775	0.00320319925	0.01983019875	0.0054918894999999995	0.9889260485	0.9909013210000001	0.06495054424999999	0.03994944575000001	0.017745832250000003	0.04317534575	0.207060884	0.22894490725	0.32550093775
0.5402110625	0.40520472925	0.407120523	0.98232071325	0.64615432325	0.77882764225	0.328107931	0.50902343125	0.59222182225	0.44270397875	0.12331572975	0.407000741	0.9398535565000001	0.96613832875	0.00373803325	0.00392809775	0.6465492555	0.016812067	0.00388693525	0.00256760375	0.02301097375	0.0064661785	0.990824932	0.9905114625	0.07758044	0.055361238	0.02479049275	0.0449282845	0.20009971025	0.22346403950000002	0.3410955204999999
0.43813682674999993	0.564806805	0.55159181375	0.9773859527500001	0.6902671975	0.713917317	0.1547775105	0.48926522875	0.9542131795	0.37457581250000005	0.123242511	0.3848386465	0.93697698725	0.9829490875	0.0013700485	0.00040260299999999997	0.73403493675	0.002241534	0.0016392702499999998	0.0064364115	0.012425428249999999	0.0167173455	0.9894258204999999	0.9898373915	0.051920166	0.047676897499999996	0.0046782314999999994	0.025780198249999997	0.1791432155	0.20016181349999998	0.31261490300000006
0.5138282387499999	0.332540369	0.31868249025	0.9817426982499999	0.43146323775	0.7577110145	0.39899679525000004	0.5360429932499999	0.6262153405	0.478630797	0.1240723275	0.41010426650000004	0.92024058575	0.989433237	0.00406785975	0.00315553525	0.45690148924999996	0.005845399750000001	0.005579945499999999	0.00442434825	0.02228595875	0.0100357505	0.993222689	0.9921958580000001	0.0602749975	0.041714392249999996	0.024419595500000002	0.045278358500000004	0.196163043	0.21162938725	0.32998228125
0.8407933045	0.4746972315	0.4809906195	0.99427089375	0.66847566675	0.83436518375	0.41499162500000003	0.51530511	0.7118473169999999	0.59067771625	0.12984927	0.4070708365	0.8933054395000001	0.94068203625	0.06577077875000001	0.0036887117500000004	0.727567774	0.014477831250000002	0.0061161975	0.03326523125	0.060677593749999995	0.02981667175	0.99567547925	0.989977707	0.20071814325	0.12015750875	0.10154194775	0.26075962175	0.37125242175	0.40467628425	0.43672675275